{
 "cells": [
  {
   "cell_type": "code",
   "execution_count": 2,
   "id": "85951fea",
   "metadata": {},
   "outputs": [
    {
     "name": "stdout",
     "output_type": "stream",
     "text": [
      "Populating the interactive namespace from numpy and matplotlib\n"
     ]
    }
   ],
   "source": [
    "import fitsio as fi\n",
    "%pylab inline"
   ]
  },
  {
   "cell_type": "code",
   "execution_count": 3,
   "id": "df4a3f4d",
   "metadata": {},
   "outputs": [],
   "source": [
    "path = '/verafs/scratch/phy200017p/yjagvara/hydro_ias/run/'\n",
    "name_vect = 'dm_tidal_vects_099_0.25_32.fits'\n",
    "name_vals = 'dm_tidal_vals_099_0.25_32.fits'\n",
    "name = 'dm_tidal_099_0.25_32.fits'\n",
    "\n",
    "\n",
    "vect_cat = fi.FITS(path+name_vect)[-1].read()\n",
    "vals_cat = fi.FITS(path+name_vals)[-1].read()\n",
    "cat = fi.FITS(path+name)[-1].read()"
   ]
  },
  {
   "cell_type": "code",
   "execution_count": 4,
   "id": "1832a474",
   "metadata": {},
   "outputs": [
    {
     "name": "stdout",
     "output_type": "stream",
     "text": [
      "(32, 32, 32, 3, 3)\n",
      "(32, 32, 32, 3)\n",
      "(32, 32, 32, 3, 3)\n"
     ]
    }
   ],
   "source": [
    "print(vect_cat.shape)\n",
    "print(vals_cat.shape)\n",
    "print(cat.shape)"
   ]
  },
  {
   "cell_type": "code",
   "execution_count": 8,
   "id": "eaefc3ac",
   "metadata": {},
   "outputs": [
    {
     "name": "stdout",
     "output_type": "stream",
     "text": [
      "[[[[-1.02986256e-02 -1.51455170e-03  1.18131768e-02]\n",
      "   [-6.35721022e-03 -3.10122618e-03  9.45843663e-03]\n",
      "   [-1.06925610e-02 -4.88802278e-03  1.55805843e-02]\n",
      "   ...\n",
      "   [-4.90454957e-03  1.23971561e-03  3.66483419e-03]\n",
      "   [-6.48868177e-03 -3.39910784e-03  9.88778938e-03]\n",
      "   [-6.20260555e-03  8.32549296e-04  5.37005579e-03]]\n",
      "\n",
      "  [[-7.20833289e-03 -1.40664866e-03  8.61498155e-03]\n",
      "   [-9.48576722e-03 -2.46802316e-04  9.73256957e-03]\n",
      "   [-6.09293720e-03 -4.54340316e-03  1.06363399e-02]\n",
      "   ...\n",
      "   [-7.15498347e-03  6.52258634e-04  6.50272472e-03]\n",
      "   [-4.06206166e-03 -3.72330862e-04  4.43439279e-03]\n",
      "   [-6.31652726e-03 -5.79950050e-04  6.89647719e-03]]\n",
      "\n",
      "  [[-8.79392028e-03 -4.59597708e-04  9.25351772e-03]\n",
      "   [-5.90525987e-03 -4.73648775e-03  1.06417481e-02]\n",
      "   [-9.59223509e-03  2.31723837e-03  7.27499695e-03]\n",
      "   ...\n",
      "   [-4.21676086e-03 -2.18807091e-03  6.40483154e-03]\n",
      "   [-6.27452042e-03  1.41385675e-03  4.86066332e-03]\n",
      "   [-8.35361704e-03  3.06291110e-03  5.29070571e-03]]\n",
      "\n",
      "  ...\n",
      "\n",
      "  [[-2.67633945e-02  2.38979980e-03  2.43735947e-02]\n",
      "   [-3.79855856e-02 -4.48270282e-03  4.24682908e-02]\n",
      "   [-2.23840810e-02 -1.26608340e-02  3.50449160e-02]\n",
      "   ...\n",
      "   [-7.22093135e-03 -4.87053068e-03  1.20914616e-02]\n",
      "   [-6.94949878e-03 -5.45852398e-03  1.24080228e-02]\n",
      "   [-1.30302357e-02 -4.61186602e-04  1.34914229e-02]]\n",
      "\n",
      "  [[-5.21646021e-03  1.02463957e-04  5.11399610e-03]\n",
      "   [-2.72480361e-02  4.96926112e-03  2.22787764e-02]\n",
      "   [-2.58835629e-02  6.11428986e-04  2.52721328e-02]\n",
      "   ...\n",
      "   [-7.45461788e-03  5.62464818e-04  6.89215306e-03]\n",
      "   [-8.12248513e-03 -4.28847689e-03  1.24109620e-02]\n",
      "   [-5.67118684e-03  1.13878144e-04  5.55730890e-03]]\n",
      "\n",
      "  [[-7.16846017e-03 -3.85909865e-04  7.55436998e-03]\n",
      "   [-1.49634462e-02 -1.31109077e-03  1.62745379e-02]\n",
      "   [-3.19193229e-02  7.06233783e-03  2.48569846e-02]\n",
      "   ...\n",
      "   [-6.95710396e-03 -1.06490741e-04  7.06359465e-03]\n",
      "   [-4.43652924e-03 -2.01584795e-03  6.45237695e-03]\n",
      "   [-4.75552306e-03 -3.67494067e-04  5.12301736e-03]]]\n",
      "\n",
      "\n",
      " [[[-6.39121793e-03 -4.95320128e-04  6.88653812e-03]\n",
      "   [-8.52218270e-03 -6.54203212e-03  1.50642153e-02]\n",
      "   [-1.86082330e-02 -7.97437155e-04  1.94056686e-02]\n",
      "   ...\n",
      "   [-7.05589401e-03 -3.21925641e-03  1.02751506e-02]\n",
      "   [-7.80493999e-03 -3.45835323e-03  1.12632932e-02]\n",
      "   [-8.80167820e-03 -3.04740970e-03  1.18490877e-02]]\n",
      "\n",
      "  [[-6.36162981e-03 -1.72873109e-03  8.09036102e-03]\n",
      "   [-4.82223416e-03 -8.56040104e-04  5.67827420e-03]\n",
      "   [-1.11729084e-02 -1.76907086e-03  1.29419798e-02]\n",
      "   ...\n",
      "   [-1.14584528e-02 -1.20090181e-03  1.26593541e-02]\n",
      "   [-9.69918910e-03  1.08976767e-03  8.60942155e-03]\n",
      "   [-6.93665491e-03 -4.39819938e-04  7.37647479e-03]]\n",
      "\n",
      "  [[-4.18465678e-03 -4.98623238e-04  4.68328036e-03]\n",
      "   [-1.03017678e-02  3.81856668e-03  6.48320140e-03]\n",
      "   [-1.60009265e-02  1.18050561e-03  1.48204220e-02]\n",
      "   ...\n",
      "   [-9.93767101e-03  2.83586211e-03  7.10180961e-03]\n",
      "   [-1.20571656e-02 -2.86333729e-03  1.49205020e-02]\n",
      "   [-7.30469078e-03 -1.66725530e-03  8.97194631e-03]]\n",
      "\n",
      "  ...\n",
      "\n",
      "  [[-2.06660461e-02 -5.15680946e-03  2.58228555e-02]\n",
      "   [-1.98501833e-02 -5.55130234e-03  2.54014842e-02]\n",
      "   [-3.76477055e-02  6.11511408e-04  3.70361954e-02]\n",
      "   ...\n",
      "   [-2.29210369e-02 -5.03803976e-03  2.79590767e-02]\n",
      "   [-2.14918591e-02  6.66355423e-04  2.08255034e-02]\n",
      "   [-1.20457085e-02 -5.65660745e-03  1.77023169e-02]]\n",
      "\n",
      "  [[-1.12220803e-02 -5.00922650e-03  1.62313078e-02]\n",
      "   [-1.98815912e-02  7.58828223e-03  1.22933090e-02]\n",
      "   [-3.00329812e-02  1.31654385e-02  1.68675426e-02]\n",
      "   ...\n",
      "   [-1.49841225e-02 -4.53748554e-03  1.95216071e-02]\n",
      "   [-1.25394706e-02 -3.50528891e-04  1.28899999e-02]\n",
      "   [-6.49653515e-03 -2.62029795e-03  9.11683310e-03]]\n",
      "\n",
      "  [[-6.10735733e-03 -2.57657911e-03  8.68393667e-03]\n",
      "   [-1.12385144e-02 -5.27405972e-03  1.65125746e-02]\n",
      "   [-1.41228680e-02  2.35007051e-03  1.17727974e-02]\n",
      "   ...\n",
      "   [-9.17230174e-03 -6.40641432e-03  1.55787161e-02]\n",
      "   [-1.28650591e-02 -1.03159866e-03  1.38966572e-02]\n",
      "   [-5.04120952e-03 -3.96613823e-03  9.00734775e-03]]]\n",
      "\n",
      "\n",
      " [[[-1.46432547e-02 -3.55873234e-03  1.82019863e-02]\n",
      "   [-1.13327522e-02  7.76061788e-04  1.05566913e-02]\n",
      "   [-3.80802900e-02 -5.57629101e-04  3.86379212e-02]\n",
      "   ...\n",
      "   [-1.33085381e-02 -3.48703936e-03  1.67955775e-02]\n",
      "   [-7.97894876e-03 -6.78760605e-03  1.47665553e-02]\n",
      "   [-1.01286918e-02  3.50336265e-03  6.62532914e-03]]\n",
      "\n",
      "  [[-1.13817062e-02  1.70512137e-03  9.67658497e-03]\n",
      "   [-1.14960968e-02 -4.93284920e-03  1.64289456e-02]\n",
      "   [-1.79035366e-02  4.40774066e-03  1.34957964e-02]\n",
      "   ...\n",
      "   [-1.11435121e-02 -2.84356251e-03  1.39870755e-02]\n",
      "   [-1.35059245e-02  2.14565056e-03  1.13602746e-02]\n",
      "   [-7.75242317e-03 -2.76104733e-03  1.05134705e-02]]\n",
      "\n",
      "  [[-1.33245578e-02 -1.13000069e-03  1.44545585e-02]\n",
      "   [-1.39675830e-02  4.71891603e-03  9.24866740e-03]\n",
      "   [-1.23791751e-02  1.27431762e-03  1.11048575e-02]\n",
      "   ...\n",
      "   [-1.45315882e-02  2.17294414e-03  1.23586440e-02]\n",
      "   [-1.03665385e-02  4.13817819e-03  6.22836081e-03]\n",
      "   [-1.98156685e-02  3.40192718e-03  1.64137427e-02]]\n",
      "\n",
      "  ...\n",
      "\n",
      "  [[-1.57663729e-02  2.60905339e-03  1.31573193e-02]\n",
      "   [-1.30640091e-02 -1.06653525e-02  2.37293616e-02]\n",
      "   [-4.16350067e-02 -9.23404749e-03  5.08690514e-02]\n",
      "   ...\n",
      "   [-2.67351381e-02 -1.19339125e-02  3.86690497e-02]\n",
      "   [-2.62118652e-02 -1.09843593e-02  3.71962227e-02]\n",
      "   [-2.60030944e-02 -1.06347958e-02  3.66378874e-02]]\n",
      "\n",
      "  [[-1.33807417e-02 -9.38852690e-03  2.27692686e-02]\n",
      "   [-1.34786656e-02  2.55856226e-04  1.32228099e-02]\n",
      "   [-2.99474057e-02  1.10796979e-02  1.88677087e-02]\n",
      "   ...\n",
      "   [-1.04828747e-02 -8.77690967e-03  1.92597844e-02]\n",
      "   [-1.57776494e-02 -7.31851626e-03  2.30961647e-02]\n",
      "   [-1.51573271e-02  9.12765274e-04  1.42445611e-02]]\n",
      "\n",
      "  [[-9.49501898e-03  1.11994892e-03  8.37507099e-03]\n",
      "   [-1.33291194e-02 -4.53688391e-03  1.78660043e-02]\n",
      "   [-2.28219889e-02  4.83951997e-03  1.79824699e-02]\n",
      "   ...\n",
      "   [-1.03970654e-02 -6.30310597e-03  1.67001709e-02]\n",
      "   [-8.05741735e-03 -6.42750086e-03  1.44849177e-02]\n",
      "   [-1.07260495e-02 -8.07864964e-03  1.88046992e-02]]]\n",
      "\n",
      "\n",
      " ...\n",
      "\n",
      "\n",
      " [[[-8.36733636e-03 -6.86224259e-04  9.05355997e-03]\n",
      "   [-4.29499801e-03 -7.84443459e-04  5.07944170e-03]\n",
      "   [-1.00494083e-02  2.47833715e-03  7.57107092e-03]\n",
      "   ...\n",
      "   [-8.53864569e-03 -5.83738415e-03  1.43760303e-02]\n",
      "   [-6.94979867e-03 -6.97903801e-04  7.64770247e-03]\n",
      "   [-5.52885095e-03  1.39939447e-03  4.12945682e-03]]\n",
      "\n",
      "  [[-5.80579089e-03 -8.89336807e-04  6.69512805e-03]\n",
      "   [-6.44635549e-03 -1.33985362e-03  7.78620923e-03]\n",
      "   [-3.75013263e-03  1.39657295e-05  3.73616698e-03]\n",
      "   ...\n",
      "   [-7.23361410e-03 -4.09794709e-04  7.64340907e-03]\n",
      "   [-7.71611976e-03 -9.27832560e-04  8.64395220e-03]\n",
      "   [-9.61841177e-03  3.24766646e-04  9.29364469e-03]]\n",
      "\n",
      "  [[-9.41313244e-03  3.43900733e-03  5.97412512e-03]\n",
      "   [-8.08309577e-03  2.41480884e-03  5.66828717e-03]\n",
      "   [-4.50572418e-03 -1.69858988e-03  6.20431406e-03]\n",
      "   ...\n",
      "   [-7.82229938e-03  9.44506028e-04  6.87779346e-03]\n",
      "   [-6.81456691e-03  2.31602206e-03  4.49854508e-03]\n",
      "   [-1.13687431e-02  4.36053565e-03  7.00820750e-03]]\n",
      "\n",
      "  ...\n",
      "\n",
      "  [[-2.27191970e-02  6.62855804e-03  1.60906389e-02]\n",
      "   [-1.66614912e-02 -2.12986860e-03  1.87913589e-02]\n",
      "   [-1.88601520e-02  1.80933718e-03  1.70508157e-02]\n",
      "   ...\n",
      "   [-1.02734594e-02 -3.11143324e-03  1.33848926e-02]\n",
      "   [-1.50670307e-02  1.95254432e-03  1.31144859e-02]\n",
      "   [-1.37124341e-02  4.49312793e-04  1.32631212e-02]]\n",
      "\n",
      "  [[-1.36164762e-02  3.36292922e-03  1.02535468e-02]\n",
      "   [-1.43385492e-02  2.10981304e-03  1.22287367e-02]\n",
      "   [-8.08459241e-03 -1.47403486e-03  9.55862738e-03]\n",
      "   ...\n",
      "   [-1.45671219e-02 -9.30148922e-03  2.38686111e-02]\n",
      "   [-1.96457673e-02  5.69517026e-03  1.39505956e-02]\n",
      "   [-1.41900061e-02  2.68320180e-03  1.15068052e-02]]\n",
      "\n",
      "  [[-1.37401801e-02 -9.39750316e-05  1.38341542e-02]\n",
      "   [-1.00700986e-02  1.22544137e-04  9.94755514e-03]\n",
      "   [-4.86594765e-03 -1.95429940e-03  6.82024658e-03]\n",
      "   ...\n",
      "   [-7.78004620e-03 -3.50566185e-03  1.12857083e-02]\n",
      "   [-9.26030707e-03 -1.58609834e-03  1.08464053e-02]\n",
      "   [-1.38276294e-02 -3.42843332e-03  1.72560625e-02]]]\n",
      "\n",
      "\n",
      " [[[-7.19193090e-03 -2.49330816e-03  9.68523882e-03]\n",
      "   [-8.95566400e-03  1.05313526e-03  7.90252909e-03]\n",
      "   [-1.21292947e-02 -1.25408464e-03  1.33833792e-02]\n",
      "   ...\n",
      "   [-9.21598636e-03  1.91207149e-03  7.30391452e-03]\n",
      "   [-4.58628731e-03  1.12126210e-04  4.47416073e-03]\n",
      "   [-6.20093523e-03 -2.89929216e-03  9.10022669e-03]]\n",
      "\n",
      "  [[-6.15920313e-03 -1.19138579e-03  7.35058868e-03]\n",
      "   [-5.99940727e-03 -1.94899202e-03  7.94839859e-03]\n",
      "   [-1.32174669e-02  3.21881101e-03  9.99865588e-03]\n",
      "   ...\n",
      "   [-4.87144105e-03  1.14355958e-03  3.72788124e-03]\n",
      "   [-7.02923490e-03  1.99976144e-03  5.02947345e-03]\n",
      "   [-5.56407683e-03 -1.64125126e-03  7.20532797e-03]]\n",
      "\n",
      "  [[-9.18430183e-03 -3.16790189e-03  1.23522040e-02]\n",
      "   [-1.18590118e-02 -1.91748620e-03  1.37764979e-02]\n",
      "   [-6.47891965e-03  1.42319733e-03  5.05572231e-03]\n",
      "   ...\n",
      "   [-7.96078146e-03  1.92217494e-03  6.03860663e-03]\n",
      "   [-5.44989156e-03  1.53949286e-03  3.91039904e-03]\n",
      "   [-7.96863530e-03  2.79584108e-03  5.17279375e-03]]\n",
      "\n",
      "  ...\n",
      "\n",
      "  [[-2.17417963e-02  3.93112889e-03  1.78106669e-02]\n",
      "   [-2.07656827e-02 -1.47827755e-04  2.09135097e-02]\n",
      "   [-2.67534927e-02 -5.13368193e-03  3.18871737e-02]\n",
      "   ...\n",
      "   [-1.93347558e-02  9.69414104e-05  1.92378145e-02]\n",
      "   [-1.75750032e-02 -7.79731572e-03  2.53723189e-02]\n",
      "   [-1.61813255e-02 -2.35024467e-03  1.85315721e-02]]\n",
      "\n",
      "  [[-1.36331953e-02 -5.18925814e-03  1.88224539e-02]\n",
      "   [-3.00532244e-02  5.10828570e-03  2.49449406e-02]\n",
      "   [-3.13452817e-02  7.81697687e-03  2.35283040e-02]\n",
      "   ...\n",
      "   [-1.34566883e-02  3.73763754e-03  9.71905142e-03]\n",
      "   [-1.46040563e-02 -2.71298853e-03  1.73170455e-02]\n",
      "   [-1.42284371e-02 -2.81345821e-03  1.70418955e-02]]\n",
      "\n",
      "  [[-8.62051919e-03 -4.93057678e-03  1.35510955e-02]\n",
      "   [-1.14829447e-02 -3.49151040e-03  1.49744553e-02]\n",
      "   [-3.01573016e-02  6.48153247e-03  2.36757677e-02]\n",
      "   ...\n",
      "   [-5.39881643e-03  9.83271966e-05  5.30048925e-03]\n",
      "   [-3.74192209e-03 -3.56124714e-04  4.09804704e-03]\n",
      "   [-5.30398265e-03 -3.59377533e-04  5.66336000e-03]]]\n",
      "\n",
      "\n",
      " [[[-4.15737787e-03  4.16567433e-04  3.74081032e-03]\n",
      "   [-1.13048526e-02 -2.23802100e-03  1.35428729e-02]\n",
      "   [-1.44042745e-02 -2.19326885e-03  1.65975429e-02]\n",
      "   ...\n",
      "   [-6.67836098e-03 -2.19282857e-03  8.87118932e-03]\n",
      "   [-7.05018919e-03 -1.01826980e-03  8.06845911e-03]\n",
      "   [-4.08211164e-03 -1.46350986e-03  5.54562127e-03]]\n",
      "\n",
      "  [[-7.12290313e-03  2.19858834e-04  6.90304441e-03]\n",
      "   [-6.07516523e-03 -4.30093729e-04  6.50525931e-03]\n",
      "   [-8.04297160e-03  2.48077489e-03  5.56219695e-03]\n",
      "   ...\n",
      "   [-4.77940310e-03 -2.74297851e-03  7.52238138e-03]\n",
      "   [-5.40841930e-03 -1.32100261e-03  6.72942167e-03]\n",
      "   [-4.91999323e-03 -8.48640513e-04  5.76863391e-03]]\n",
      "\n",
      "  [[-4.79216874e-03  1.16034481e-03  3.63182370e-03]\n",
      "   [-9.54986271e-03  1.28187030e-03  8.26799218e-03]\n",
      "   [-6.68333983e-03 -5.45438845e-03  1.21377287e-02]\n",
      "   ...\n",
      "   [-6.02846500e-03  1.84344908e-03  4.18501580e-03]\n",
      "   [-5.74281672e-03 -2.93139671e-03  8.67421366e-03]\n",
      "   [-9.62421019e-03  2.72141187e-03  6.90279854e-03]]\n",
      "\n",
      "  ...\n",
      "\n",
      "  [[-3.15350331e-02 -5.16747916e-03  3.67025137e-02]\n",
      "   [-3.93318161e-02  8.76019592e-04  3.84557955e-02]\n",
      "   [-6.71853498e-03 -1.00082497e-03  7.71935983e-03]\n",
      "   ...\n",
      "   [-1.45187592e-02 -5.59257064e-03  2.01113299e-02]\n",
      "   [-1.34928348e-02  2.53376696e-04  1.32394582e-02]\n",
      "   [-1.63754597e-02 -1.19750025e-02  2.83504631e-02]]\n",
      "\n",
      "  [[-3.29474011e-03 -5.44466719e-04  3.83920688e-03]\n",
      "   [-2.50297114e-02  8.01336393e-03  1.70163475e-02]\n",
      "   [-1.73656531e-02 -6.31747942e-04  1.79974008e-02]\n",
      "   ...\n",
      "   [-1.05894515e-02 -7.24630547e-04  1.13140820e-02]\n",
      "   [-1.13359885e-02 -4.22644662e-04  1.17586330e-02]\n",
      "   [-3.64294322e-03  1.10469002e-03  2.53825332e-03]]\n",
      "\n",
      "  [[-3.78185255e-03  1.10251806e-03  2.67933449e-03]\n",
      "   [-2.12015677e-02  6.75370125e-03  1.44478669e-02]\n",
      "   [-3.58609483e-02  1.45955821e-02  2.12653652e-02]\n",
      "   ...\n",
      "   [-1.14573799e-02 -2.32375716e-03  1.37811368e-02]\n",
      "   [-3.12651950e-03 -2.40338128e-03  5.52990055e-03]\n",
      "   [-5.53896092e-03 -1.06432778e-03  6.60328846e-03]]]]\n"
     ]
    }
   ],
   "source": [
    "print(vals_cat)"
   ]
  },
  {
   "cell_type": "code",
   "execution_count": 5,
   "id": "3929d952",
   "metadata": {},
   "outputs": [
    {
     "name": "stdout",
     "output_type": "stream",
     "text": [
      "[[[[[-1.16931868e-03  6.80840400e-04 -1.08542405e-02]\n",
      "    [ 6.80840400e-04 -1.56003551e-03  2.23781724e-04]\n",
      "    [-1.08542405e-02  2.23781724e-04  2.72935419e-03]]\n",
      "\n",
      "   [[-4.09840792e-03  6.70169131e-04  3.79361911e-03]\n",
      "    [ 6.70169131e-04 -3.52614000e-03 -3.35022830e-03]\n",
      "    [ 3.79361911e-03 -3.35022830e-03  7.62454793e-03]]\n",
      "\n",
      "   [[-3.84667306e-03  1.96548318e-03 -1.10374186e-02]\n",
      "    [ 1.96548318e-03 -3.64737748e-03 -4.76139178e-03]\n",
      "    [-1.10374186e-02 -4.76139178e-03  7.49405054e-03]]\n",
      "\n",
      "   ...\n",
      "\n",
      "   [[ 3.29260319e-03  1.60405622e-03  3.20002873e-04]\n",
      "    [ 1.60405622e-03 -3.50825116e-03 -2.28868402e-03]\n",
      "    [ 3.20002873e-04 -2.28868402e-03  2.15647946e-04]]\n",
      "\n",
      "   [[ 6.27037080e-04  1.77854835e-03 -6.32099435e-03]\n",
      "    [ 1.77854835e-03 -3.58029502e-03 -4.65056347e-03]\n",
      "    [-6.32099435e-03 -4.65056347e-03  2.95325788e-03]]\n",
      "\n",
      "   [[ 5.17332286e-04 -1.16266147e-03 -9.27715213e-04]\n",
      "    [-1.16266147e-03 -2.90492061e-03 -4.95839212e-03]\n",
      "    [-9.27715213e-04 -4.95839212e-03  2.38758815e-03]]]\n",
      "\n",
      "\n",
      "  [[[-5.99634877e-05  5.73360268e-03 -3.47092864e-03]\n",
      "    [ 5.73360268e-03 -2.53843982e-03 -3.54362582e-03]\n",
      "    [-3.47092864e-03 -3.54362582e-03  2.59840325e-03]]\n",
      "\n",
      "   [[-1.54710456e-03  7.10309297e-03 -3.28271952e-03]\n",
      "    [ 7.10309297e-03 -3.06919566e-03 -3.81965470e-03]\n",
      "    [-3.28271952e-03 -3.81965470e-03  4.61630011e-03]]\n",
      "\n",
      "   [[-4.60199174e-03  1.44465582e-03 -1.56333891e-03]\n",
      "    [ 1.44465582e-03 -2.82625435e-03 -6.22459361e-03]\n",
      "    [-1.56333891e-03 -6.22459361e-03  7.42824608e-03]]\n",
      "\n",
      "   ...\n",
      "\n",
      "   [[ 3.55652999e-03 -1.50144368e-03 -4.26772935e-03]\n",
      "    [-1.50144368e-03 -3.63521208e-03 -3.68097145e-03]\n",
      "    [-4.26772935e-03 -3.68097145e-03  7.86821911e-05]]\n",
      "\n",
      "   [[ 1.55444851e-03  3.86006781e-04 -2.33105035e-03]\n",
      "    [ 3.86006781e-04 -3.71466228e-03 -1.45870983e-03]\n",
      "    [-2.33105035e-03 -1.45870983e-03  2.16021389e-03]]\n",
      "\n",
      "   [[-9.88056854e-05  4.58276225e-03 -3.91129963e-03]\n",
      "    [ 4.58276225e-03 -2.46183737e-03 -1.13335927e-03]\n",
      "    [-3.91129963e-03 -1.13335927e-03  2.56064301e-03]]]\n",
      "\n",
      "\n",
      "  [[[ 1.89379661e-03  6.66557485e-03 -4.24982607e-03]\n",
      "    [ 6.66557485e-03 -4.56602639e-03 -1.81853876e-03]\n",
      "    [-4.24982607e-03 -1.81853876e-03  2.67222966e-03]]\n",
      "\n",
      "   [[ 1.22237939e-03  1.87728275e-03 -7.71908369e-03]\n",
      "    [ 1.87728275e-03 -4.21718555e-03 -2.83624628e-03]\n",
      "    [-7.71908369e-03 -2.83624628e-03  2.99480627e-03]]\n",
      "\n",
      "   [[-2.81503395e-04  4.39612893e-03  2.60605547e-03]\n",
      "    [ 4.39612893e-03 -5.11115417e-03 -4.62532742e-03]\n",
      "    [ 2.60605547e-03 -4.62532742e-03  5.39265759e-03]]\n",
      "\n",
      "   ...\n",
      "\n",
      "   [[ 3.60280578e-03  1.22416986e-03 -4.07517748e-03]\n",
      "    [ 1.22416986e-03 -3.78759461e-03  9.75588773e-05]\n",
      "    [-4.07517748e-03  9.75588773e-05  1.84788718e-04]]\n",
      "\n",
      "   [[ 2.01254408e-03  1.34044944e-03  2.19711172e-03]\n",
      "    [ 1.34044944e-03 -4.77672787e-03 -2.93583539e-03]\n",
      "    [ 2.19711172e-03 -2.93583539e-03  2.76418356e-03]]\n",
      "\n",
      "   [[ 2.30731978e-03  4.93168598e-03  1.45615661e-04]\n",
      "    [ 4.93168598e-03 -5.45631628e-03 -2.59414385e-03]\n",
      "    [ 1.45615661e-04 -2.59414385e-03  3.14899627e-03]]]\n",
      "\n",
      "\n",
      "  ...\n",
      "\n",
      "\n",
      "  [[[ 2.17470224e-03  1.68157567e-03  4.33897087e-03]\n",
      "    [ 1.68157567e-03 -9.62014124e-03 -2.36647706e-02]\n",
      "    [ 4.33897087e-03 -2.36647706e-02  7.44543970e-03]]\n",
      "\n",
      "   [[-3.54349962e-03  1.11290505e-02  9.81879071e-04]\n",
      "    [ 1.11290505e-02  2.48149801e-02 -3.11134998e-02]\n",
      "    [ 9.81879071e-04 -3.11134998e-02 -2.12714802e-02]]\n",
      "\n",
      "   [[-1.13428403e-02  2.18487047e-02 -3.64631618e-04]\n",
      "    [ 2.18487047e-02  2.39028651e-02 -6.19398570e-03]\n",
      "    [-3.64631618e-04 -6.19398570e-03 -1.25600249e-02]]\n",
      "\n",
      "   ...\n",
      "\n",
      "   [[-1.86345365e-03  3.86536005e-03 -5.20714978e-03]\n",
      "    [ 3.86536005e-03 -1.12379005e-03 -7.88344909e-03]\n",
      "    [-5.20714978e-03 -7.88344909e-03  2.98724370e-03]]\n",
      "\n",
      "   [[-3.24615790e-03  5.43429749e-03 -4.46582725e-03]\n",
      "    [ 5.43429749e-03  4.76018386e-03 -6.98607462e-03]\n",
      "    [-4.46582725e-03 -6.98607462e-03 -1.51402585e-03]]\n",
      "\n",
      "   [[ 6.61981944e-03  8.15743301e-03  1.25269603e-03]\n",
      "    [ 8.15743301e-03 -1.67972536e-03  8.50718189e-03]\n",
      "    [ 1.25269603e-03  8.50718189e-03 -4.94009396e-03]]]\n",
      "\n",
      "\n",
      "  [[[ 1.42167998e-03 -2.17264795e-04 -2.89849215e-03]\n",
      "    [-2.17264795e-04 -2.94142938e-03 -3.42747523e-03]\n",
      "    [-2.89849215e-03 -3.42747523e-03  1.51974952e-03]]\n",
      "\n",
      "   [[-1.12610087e-02 -5.57213463e-03  2.24168859e-02]\n",
      "    [-5.57213463e-03  4.34266543e-03  1.18942431e-03]\n",
      "    [ 2.24168859e-02  1.18942431e-03  6.91834325e-03]]\n",
      "\n",
      "   [[-2.51842123e-02  3.05142347e-03 -3.78415687e-03]\n",
      "    [ 3.05142347e-03  5.96569909e-04  3.36145004e-03]\n",
      "    [-3.78415687e-03  3.36145004e-03  2.45876424e-02]]\n",
      "\n",
      "   ...\n",
      "\n",
      "   [[ 9.15873563e-04  3.33071616e-03 -9.00893472e-04]\n",
      "    [ 3.33071616e-03 -3.51588731e-03 -5.45978732e-03]\n",
      "    [-9.00893472e-04 -5.45978732e-03  2.60001374e-03]]\n",
      "\n",
      "   [[ 3.26649315e-04  4.13647294e-03 -6.32493896e-03]\n",
      "    [ 4.13647294e-03 -2.05095951e-03 -7.64463516e-03]\n",
      "    [-6.32493896e-03 -7.64463516e-03  1.72431010e-03]]\n",
      "\n",
      "   [[ 1.55254442e-04  1.76733185e-03 -2.34877836e-04]\n",
      "    [ 1.76733185e-03 -1.29642838e-03 -5.18144015e-03]\n",
      "    [-2.34877836e-04 -5.18144015e-03  1.14117400e-03]]]\n",
      "\n",
      "\n",
      "  [[[-1.29731430e-03 -7.08668493e-04 -6.36142865e-03]\n",
      "    [-7.08668493e-04 -8.66393559e-04 -3.12641892e-03]\n",
      "    [-6.36142865e-03 -3.12641892e-03  2.16370774e-03]]\n",
      "\n",
      "   [[-7.85187818e-03 -9.00696870e-03  5.28940512e-03]\n",
      "    [-9.00696870e-03 -3.52478027e-03 -5.86401112e-03]\n",
      "    [ 5.28940512e-03 -5.86401112e-03  1.13766585e-02]]\n",
      "\n",
      "   [[-8.62905383e-03 -2.53131930e-02  1.89252896e-03]\n",
      "    [-2.53131930e-02 -3.20195011e-03 -9.30657983e-03]\n",
      "    [ 1.89252896e-03 -9.30657983e-03  1.18310042e-02]]\n",
      "\n",
      "   ...\n",
      "\n",
      "   [[ 1.83408894e-03  1.78506377e-03 -2.64236657e-03]\n",
      "    [ 1.78506377e-03 -3.57077480e-03 -5.42399799e-03]\n",
      "    [-2.64236657e-03 -5.42399799e-03  1.73668587e-03]]\n",
      "\n",
      "   [[-2.96340528e-04  5.18584449e-04 -4.24049143e-03]\n",
      "    [ 5.18584449e-04 -2.30441592e-03 -2.89103109e-03]\n",
      "    [-4.24049143e-03 -2.89103109e-03  2.60075647e-03]]\n",
      "\n",
      "   [[-2.59485270e-04  3.53760994e-03 -1.58033252e-03]\n",
      "    [ 3.53760994e-03 -1.74334832e-03 -2.43445579e-03]\n",
      "    [-1.58033252e-03 -2.43445579e-03  2.00283364e-03]]]]\n",
      "\n",
      "\n",
      "\n",
      " [[[[-1.44406606e-03  4.50610463e-03  4.55421582e-03]\n",
      "    [ 4.50610463e-03  2.89314223e-04  1.20896811e-03]\n",
      "    [ 4.55421582e-03  1.20896811e-03  1.15475187e-03]]\n",
      "\n",
      "   [[-3.89658636e-03  3.68367601e-03 -8.54312256e-03]\n",
      "    [ 3.68367601e-03 -4.44442034e-03 -5.68941515e-03]\n",
      "    [-8.54312256e-03 -5.68941515e-03  8.34100693e-03]]\n",
      "\n",
      "   [[-6.22140523e-03  1.94642181e-03  1.55627634e-02]\n",
      "    [ 1.94642181e-03 -1.37056166e-03 -8.16344284e-03]\n",
      "    [ 1.55627634e-02 -8.16344284e-03  7.59196701e-03]]\n",
      "\n",
      "   ...\n",
      "\n",
      "   [[ 4.86330641e-03 -3.17571335e-04 -7.88403768e-03]\n",
      "    [-3.17571335e-04 -3.40241496e-03  1.38704490e-03]\n",
      "    [-7.88403768e-03  1.38704490e-03 -1.46089157e-03]]\n",
      "\n",
      "   [[ 1.55084429e-03  1.94053946e-03 -7.29868142e-03]\n",
      "    [ 1.94053946e-03 -4.18806542e-03 -5.42062009e-03]\n",
      "    [-7.29868142e-03 -5.42062009e-03  2.63722125e-03]]\n",
      "\n",
      "   [[-3.39229824e-03  5.62932668e-03 -6.83824671e-03]\n",
      "    [ 5.62932668e-03 -1.21387991e-03 -4.24600765e-03]\n",
      "    [-6.83824671e-03 -4.24600765e-03  4.60617803e-03]]]\n",
      "\n",
      "\n",
      "  [[[-7.37756549e-04  6.47677152e-05 -5.03586046e-03]\n",
      "    [ 6.47677152e-05 -2.56321603e-03 -4.48184321e-03]\n",
      "    [-5.03586046e-03 -4.48184321e-03  3.30097252e-03]]\n",
      "\n",
      "   [[-8.42338020e-04 -3.13091965e-04 -1.05478766e-03]\n",
      "    [-3.13091965e-04 -3.55375186e-03 -3.25146504e-03]\n",
      "    [-1.05478766e-03 -3.25146504e-03  4.39608982e-03]]\n",
      "\n",
      "   [[-3.58436792e-03 -2.39993166e-03 -3.27409920e-03]\n",
      "    [-2.39993166e-03 -2.43893149e-03 -1.01838922e-02]\n",
      "    [-3.27409920e-03 -1.01838922e-02  6.02329941e-03]]\n",
      "\n",
      "   ...\n",
      "\n",
      "   [[ 5.27737383e-03  5.06388349e-03 -4.92799794e-03]\n",
      "    [ 5.06388349e-03 -5.55471051e-03 -8.19631014e-03]\n",
      "    [-4.92799794e-03 -8.19631014e-03  2.77336861e-04]]\n",
      "\n",
      "   [[ 1.84706273e-03  4.04640380e-03 -6.11546123e-03]\n",
      "    [ 4.04640380e-03 -4.92416508e-03  3.51510243e-03]\n",
      "    [-6.11546123e-03  3.51510243e-03  3.07710236e-03]]\n",
      "\n",
      "   [[ 2.21307026e-04  5.00660948e-03 -3.34131578e-03]\n",
      "    [ 5.00660948e-03 -3.42375226e-03 -2.02919124e-03]\n",
      "    [-3.34131578e-03 -2.02919124e-03  3.20244534e-03]]]\n",
      "\n",
      "\n",
      "  [[[-3.22333886e-04  8.79249070e-04 -1.77201792e-03]\n",
      "    [ 8.79249070e-04 -3.63989733e-03  1.18634081e-03]\n",
      "    [-1.77201792e-03  1.18634081e-03  3.96223133e-03]]\n",
      "\n",
      "   [[-4.76566027e-04  7.34426826e-03  3.50514730e-03]\n",
      "    [ 7.34426826e-03 -2.93000648e-03 -2.22197175e-03]\n",
      "    [ 3.50514730e-03 -2.22197175e-03  3.40657262e-03]]\n",
      "\n",
      "   [[-1.65343634e-03  1.23378877e-02 -7.31946761e-03]\n",
      "    [ 1.23378877e-02 -4.35839593e-03 -1.94941275e-03]\n",
      "    [-7.31946761e-03 -1.94941275e-03  6.01183251e-03]]\n",
      "\n",
      "   ...\n",
      "\n",
      "   [[ 5.24595659e-03 -1.05479837e-03 -1.86337379e-03]\n",
      "    [-1.05479837e-03 -4.24602767e-03  7.12449756e-03]\n",
      "    [-1.86337379e-03  7.12449756e-03 -9.99928801e-04]]\n",
      "\n",
      "   [[ 3.25580523e-03  9.98813077e-04 -1.04208644e-02]\n",
      "    [ 9.98813077e-04 -5.35569852e-03 -7.52721447e-03]\n",
      "    [-1.04208644e-02 -7.52721447e-03  2.09989306e-03]]\n",
      "\n",
      "   [[ 2.06696289e-03 -4.51813918e-03 -5.60802827e-03]\n",
      "    [-4.51813918e-03 -4.57913056e-03  8.23158189e-04]\n",
      "    [-5.60802827e-03  8.23158189e-04  2.51216791e-03]]]\n",
      "\n",
      "\n",
      "  ...\n",
      "\n",
      "\n",
      "  [[[-1.50677608e-02 -1.04841366e-02  1.19364879e-03]\n",
      "    [-1.04841366e-02  5.98302204e-03 -1.66199841e-02]\n",
      "    [ 1.19364879e-03 -1.66199841e-02  9.08473786e-03]]\n",
      "\n",
      "   [[-1.54194618e-02  7.20384903e-03  3.14217224e-03]\n",
      "    [ 7.20384903e-03  1.56437233e-02 -1.52316866e-02]\n",
      "    [ 3.14217224e-03 -1.52316866e-02 -2.24262840e-04]]\n",
      "\n",
      "   [[-3.52570489e-02 -2.16348073e-03  1.07496958e-02]\n",
      "    [-2.16348073e-03  2.35413034e-02 -1.75273921e-02]\n",
      "    [ 1.07496958e-02 -1.75273921e-02  1.17157456e-02]]\n",
      "\n",
      "   ...\n",
      "\n",
      "   [[ 2.55007739e-03  1.42769814e-02 -1.80590637e-02]\n",
      "    [ 1.42769814e-02 -1.23472232e-02 -2.96655623e-03]\n",
      "    [-1.80590637e-02 -2.96655623e-03  9.79714561e-03]]\n",
      "\n",
      "   [[-2.98313261e-03  1.62020233e-02 -3.19452980e-03]\n",
      "    [ 1.62020233e-02 -4.72401362e-03 -1.14019522e-02]\n",
      "    [-3.19452980e-03 -1.14019522e-02  7.70714646e-03]]\n",
      "\n",
      "   [[-5.70756756e-03 -6.52879011e-03  9.91870183e-03]\n",
      "    [-6.52879011e-03  1.99080002e-03 -8.89108703e-03]\n",
      "    [ 9.91870183e-03 -8.89108703e-03  3.71676753e-03]]]\n",
      "\n",
      "\n",
      "  [[[-7.56124966e-03 -6.72043813e-03  6.16905326e-03]\n",
      "    [-6.72043813e-03  2.08953861e-03 -8.84763990e-03]\n",
      "    [ 6.16905326e-03 -8.84763990e-03  5.47171105e-03]]\n",
      "\n",
      "   [[-1.13207744e-02 -1.17405783e-02 -4.91052167e-03]\n",
      "    [-1.17405783e-02  8.19202571e-04 -4.52560931e-03]\n",
      "    [-4.91052167e-03 -4.52560931e-03  1.05015719e-02]]\n",
      "\n",
      "   [[-1.55210048e-02 -2.16725264e-02 -2.79287662e-04]\n",
      "    [-2.16725264e-02  2.34981044e-03 -4.28035361e-04]\n",
      "    [-2.79287662e-04 -4.28035361e-04  1.31711941e-02]]\n",
      "\n",
      "   ...\n",
      "\n",
      "   [[ 1.30994082e-03 -1.12351589e-03 -1.66947823e-02]\n",
      "    [-1.12351589e-03 -5.34939254e-03 -3.13054794e-03]\n",
      "    [-1.66947823e-02 -3.13054794e-03  4.03945195e-03]]\n",
      "\n",
      "   [[-3.57802166e-03 -3.12807271e-03 -5.97666437e-03]\n",
      "    [-3.12807271e-03 -2.68294220e-03 -9.30866506e-03]\n",
      "    [-5.97666437e-03 -9.30866506e-03  6.26096409e-03]]\n",
      "\n",
      "   [[-4.95009776e-03 -1.77689060e-03 -7.73107400e-04]\n",
      "    [-1.77689060e-03  2.84942682e-04 -6.25816174e-03]\n",
      "    [-7.73107400e-04 -6.25816174e-03  4.66515543e-03]]]\n",
      "\n",
      "\n",
      "  [[[-3.42698093e-03  1.16130849e-03  9.83527279e-04]\n",
      "    [ 1.16130849e-03  2.18550186e-03 -6.95181685e-03]\n",
      "    [ 9.83527279e-04 -6.95181685e-03  1.24147907e-03]]\n",
      "\n",
      "   [[-1.07285390e-02  4.21284785e-04 -3.07143736e-03]\n",
      "    [ 4.21284785e-04 -6.36013690e-04 -9.02506243e-03]\n",
      "    [-3.07143736e-03 -9.02506243e-03  1.13645531e-02]]\n",
      "\n",
      "   [[-1.03392769e-02  7.43136415e-03  9.44322208e-04]\n",
      "    [ 7.43136415e-03  3.09075881e-03 -5.58339898e-03]\n",
      "    [ 9.44322208e-04 -5.58339898e-03  7.24851852e-03]]\n",
      "\n",
      "   ...\n",
      "\n",
      "   [[ 3.41010327e-03  3.82296951e-03 -1.14653688e-02]\n",
      "    [ 3.82296951e-03 -4.92061768e-03 -4.33631008e-03]\n",
      "    [-1.14653688e-02 -4.33631008e-03  1.51051418e-03]]\n",
      "\n",
      "   [[-1.90890534e-03  9.06420220e-03 -8.76864418e-03]\n",
      "    [ 9.06420220e-03 -2.77793501e-03 -2.03297217e-03]\n",
      "    [-8.76864418e-03 -2.03297217e-03  4.68684034e-03]]\n",
      "\n",
      "   [[-3.39681609e-03  1.52316201e-03 -3.43679357e-03]\n",
      "    [ 1.52316201e-03 -9.21320345e-04 -5.61158266e-03]\n",
      "    [-3.43679357e-03 -5.61158266e-03  4.31813672e-03]]]]\n",
      "\n",
      "\n",
      "\n",
      " [[[[-3.94677278e-03  5.84202027e-03 -1.39048733e-02]\n",
      "    [ 5.84202027e-03  3.27426300e-04 -6.11017738e-03]\n",
      "    [-1.39048733e-02 -6.11017738e-03  3.61934630e-03]]\n",
      "\n",
      "   [[-8.93240795e-03  1.62356405e-03  6.50267256e-03]\n",
      "    [ 1.62356405e-03  5.48696727e-04 -3.60729580e-04]\n",
      "    [ 6.50267256e-03 -3.60729580e-04  8.38371180e-03]]\n",
      "\n",
      "   [[-1.54181123e-02  8.36279057e-03 -3.34328413e-02]\n",
      "    [ 8.36279057e-03  3.98083637e-03 -9.57991835e-03]\n",
      "    [-3.34328413e-02 -9.57991835e-03  1.14372754e-02]]\n",
      "\n",
      "   ...\n",
      "\n",
      "   [[ 6.15356443e-03  4.84196376e-03 -1.27435680e-02]\n",
      "    [ 4.84196376e-03 -7.11449515e-03  2.26671202e-03]\n",
      "    [-1.27435680e-02  2.26671202e-03  9.60930600e-04]]\n",
      "\n",
      "   [[ 1.30602205e-03  3.64902872e-03 -1.04330601e-02]\n",
      "    [ 3.64902872e-03 -5.15894033e-03 -4.48847050e-03]\n",
      "    [-1.04330601e-02 -4.48847050e-03  3.85291851e-03]]\n",
      "\n",
      "   [[-3.09579959e-03  6.66119065e-03 -2.52449280e-03]\n",
      "    [ 6.66119065e-03 -2.85598706e-03  1.43274001e-03]\n",
      "    [-2.52449280e-03  1.43274001e-03  5.95178641e-03]]]\n",
      "\n",
      "\n",
      "  [[[-1.84909289e-03  8.19756836e-03 -5.38946688e-03]\n",
      "    [ 8.19756836e-03 -2.84118834e-03 -2.27804863e-04]\n",
      "    [-5.38946688e-03 -2.27804863e-04  4.69028112e-03]]\n",
      "\n",
      "   [[-5.81949390e-03  7.39391008e-03 -4.31184610e-03]\n",
      "    [ 7.39391008e-03 -4.35271766e-04 -1.01661598e-02]\n",
      "    [-4.31184610e-03 -1.01661598e-02  6.25476567e-03]]\n",
      "\n",
      "   [[-1.22134723e-02  1.01318825e-02 -4.95742541e-03]\n",
      "    [ 1.01318825e-02  1.97614124e-03 -2.20931321e-03]\n",
      "    [-4.95742541e-03 -2.20931321e-03  1.02373315e-02]]\n",
      "\n",
      "   ...\n",
      "\n",
      "   [[ 7.05609797e-03 -3.12887807e-03 -9.83551610e-03]\n",
      "    [-3.12887807e-03 -6.96135033e-03 -2.88006803e-03]\n",
      "    [-9.83551610e-03 -2.88006803e-03 -9.47474837e-05]]\n",
      "\n",
      "   [[ 1.46405934e-03  5.68906404e-03 -8.63757450e-03]\n",
      "    [ 5.68906404e-03 -5.27309952e-03  5.36961434e-03]\n",
      "    [-8.63757450e-03  5.36961434e-03  3.80904041e-03]]\n",
      "\n",
      "   [[ 8.14475468e-04  2.46479991e-03 -5.45677776e-03]\n",
      "    [ 2.46479991e-03 -3.80776240e-03 -6.41992968e-03]\n",
      "    [-5.45677776e-03 -6.41992968e-03  2.99328682e-03]]]\n",
      "\n",
      "\n",
      "  [[[ 2.62317917e-04  1.01158768e-02 -8.10506567e-03]\n",
      "    [ 1.01158768e-02 -4.68458282e-03 -2.25148280e-03]\n",
      "    [-8.10506567e-03 -2.25148280e-03  4.42226510e-03]]\n",
      "\n",
      "   [[-2.80235521e-03  7.19545921e-03 -6.92264549e-03]\n",
      "    [ 7.19545921e-03 -2.06542877e-03  5.81762660e-03]\n",
      "    [-6.92264549e-03  5.81762660e-03  4.86778421e-03]]\n",
      "\n",
      "   [[-7.42786005e-03  6.87121367e-03  1.22838351e-03]\n",
      "    [ 6.87121367e-03  3.96377174e-04 -6.16314681e-03]\n",
      "    [ 1.22838351e-03 -6.16314681e-03  7.03148264e-03]]\n",
      "\n",
      "   ...\n",
      "\n",
      "   [[ 5.81357116e-03  4.83323867e-03 -8.90342612e-03]\n",
      "    [ 4.83323867e-03 -6.05685543e-03  6.81249332e-03]\n",
      "    [-8.90342612e-03  6.81249332e-03  2.43284318e-04]]\n",
      "\n",
      "   [[ 3.72982235e-03  5.11909695e-03  1.24822662e-03]\n",
      "    [ 5.11909695e-03 -6.15209062e-03 -5.01141185e-03]\n",
      "    [ 1.24822662e-03 -5.01141185e-03  2.42226850e-03]]\n",
      "\n",
      "   [[ 4.40444518e-03  1.64595526e-02 -4.16142680e-03]\n",
      "    [ 1.64595526e-02 -6.33894559e-03  4.11414914e-03]\n",
      "    [-4.16142680e-03  4.11414914e-03  1.93450053e-03]]]\n",
      "\n",
      "\n",
      "  ...\n",
      "\n",
      "\n",
      "  [[[-1.02808150e-02 -7.11322948e-03 -8.00722931e-03]\n",
      "    [-7.11322948e-03  9.38998908e-03  1.48536277e-03]\n",
      "    [-8.00722931e-03  1.48536277e-03  8.90825700e-04]]\n",
      "\n",
      "   [[-1.06488820e-02  4.29171603e-04 -9.04478657e-04]\n",
      "    [ 4.29171603e-04 -9.22777166e-04 -1.72821097e-02]\n",
      "    [-9.04478657e-04 -1.72821097e-02  1.15716588e-02]]\n",
      "\n",
      "   [[-2.91187335e-02 -1.37561848e-02 -9.16962605e-03]\n",
      "    [-1.37561848e-02  2.27839146e-02 -3.50188166e-02]\n",
      "    [-9.16962605e-03 -3.50188166e-02  6.33481797e-03]]\n",
      "\n",
      "   ...\n",
      "\n",
      "   [[ 1.24333166e-02 -3.93232470e-03 -2.50875913e-02]\n",
      "    [-3.93232470e-03 -2.45544557e-02  8.89803004e-03]\n",
      "    [-2.50875913e-02  8.89803004e-03  1.21211391e-02]]\n",
      "\n",
      "   [[-5.29169431e-03  3.53423459e-03 -1.54596223e-02]\n",
      "    [ 3.53423459e-03 -2.00199243e-02 -1.75900292e-02]\n",
      "    [-1.54596223e-02 -1.75900292e-02  2.53116172e-02]]\n",
      "\n",
      "   [[-9.75452736e-03 -4.63233236e-03  4.41031484e-03]\n",
      "    [-4.63233236e-03  7.68758450e-03 -3.07510477e-02]\n",
      "    [ 4.41031484e-03 -3.07510477e-02  2.06694263e-03]]]\n",
      "\n",
      "\n",
      "  [[[-1.05603756e-02  7.20824674e-03 -5.92507934e-03]\n",
      "    [ 7.20824674e-03  5.05105127e-03 -1.49015132e-02]\n",
      "    [-5.92507934e-03 -1.49015132e-02  5.50932437e-03]]\n",
      "\n",
      "   [[-1.17119811e-02  4.59921127e-03  1.58777705e-03]\n",
      "    [ 4.59921127e-03  5.51409461e-03 -7.18489708e-03]\n",
      "    [ 1.58777705e-03 -7.18489708e-03  6.19788654e-03]]\n",
      "\n",
      "   [[-1.96529757e-02  9.86298826e-03 -1.69124827e-02]\n",
      "    [ 9.86298826e-03  1.36419525e-02  5.00640715e-04]\n",
      "    [-1.69124827e-02  5.00640715e-04  6.01102365e-03]]\n",
      "\n",
      "   ...\n",
      "\n",
      "   [[ 5.45874890e-03  2.66330037e-03 -1.44874975e-02]\n",
      "    [ 2.66330037e-03 -8.83960072e-03 -1.50598469e-03]\n",
      "    [-1.44874975e-02 -1.50598469e-03  3.38085182e-03]]\n",
      "\n",
      "   [[-2.80398899e-03  1.01821283e-02 -1.38646932e-02]\n",
      "    [ 1.01821283e-02 -6.53507747e-03 -7.29140127e-03]\n",
      "    [-1.38646932e-02 -7.29140127e-03  9.33906622e-03]]\n",
      "\n",
      "   [[-1.06312847e-02  8.67357384e-03 -4.49065259e-03]\n",
      "    [ 8.67357384e-03  2.09614658e-03 -5.11980988e-03]\n",
      "    [-4.49065259e-03 -5.11980988e-03  8.53513740e-03]]]\n",
      "\n",
      "\n",
      "  [[[-8.40804167e-03  8.18253611e-04 -3.80964391e-03]\n",
      "    [ 8.18253611e-04  4.51810751e-03 -3.53168393e-03]\n",
      "    [-3.80964391e-03 -3.53168393e-03  3.88993463e-03]]\n",
      "\n",
      "   [[-1.25173125e-02  3.78152682e-03 -2.72102840e-03]\n",
      "    [ 3.78152682e-03  4.57472634e-03 -1.08013665e-02]\n",
      "    [-2.72102840e-03 -1.08013665e-02  7.94258621e-03]]\n",
      "\n",
      "   [[-1.51324784e-02 -4.48006438e-03 -1.43847652e-02]\n",
      "    [-4.48006438e-03  3.96502670e-03 -4.70229378e-03]\n",
      "    [-1.43847652e-02 -4.70229378e-03  1.11674517e-02]]\n",
      "\n",
      "   ...\n",
      "\n",
      "   [[ 6.44524349e-03  2.74803699e-03 -1.23142721e-02]\n",
      "    [ 2.74803699e-03 -8.00419133e-03  3.86801636e-04]\n",
      "    [-1.23142721e-02  3.86801636e-04  1.55894749e-03]]\n",
      "\n",
      "   [[-4.39441152e-04  1.71413634e-03 -1.03160115e-02]\n",
